%YAML:1.0
cam0:
# imu to cam0
  T_cam_imu:
    - [-9.9536133339461363e-01, -9.6206779701979619e-02, 2.6743648197638677e-04, 5.4680667309668371e-03]
    - [-9.6207107534286893e-02, 9.9535437880358146e-01, -3.7219694279559522e-03, 1.0963968020146111e-02]
    - [9.1884619425839726e-05, -3.7304337430443171e-03, -9.9999303768641590e-01, -4.7308101533619961e-03]
    - [0, 0, 0, 1]
  cam_overlaps: [1]
  camera_model: pinhole
  distortion_coeffs: [6.9322728055967231e-02, -3.2121593440702216e-03, -5.5893768803311943e-03, 1.0972206817658469e-04]
  distortion_model: equidistant
  intrinsics: [4.5518705180382221e+02, 4.5514529813970120e+02, 6.0449923231221999e+02, 3.9176365226661608e+02]
  resolution: [1280, 800]
  # rostopic: /camera/image
  # rostopic: /camera/image_left
  rostopic: /camera/image_sync_ir
  # timeshift transform cam0 to imu0: [s] (t_imu = t_cam + shift)
  # timeshift_cam_imu: 0.058777453820573332
  timeshift_cam_imu: 2.2793408425171653e-03
cam1:
# imu to cam1
  T_cam_imu:
    - [-0.994447, -0.0991757, 0.0351924, -0.0961827]
    - [-0.100005, 0.99473, -0.0226275, 0.0109994]
    - [-0.0327628, -0.0260212, -0.999124, -0.00422784]
    - [0.0, 0.0, 0.0, 1.0]
# cam1 to cam0
  T_cn_cnm1:
    - [0.999385, 0.00383497, 0.0348471, 0.101697]
    - [-0.00317308, 0.999814, -0.0190296, -0.000419059]
    - [-0.0349135, 0.0189074, 0.999211, -0.00407236]
    - [0.0, 0.0, 0.0, 1.0]
  cam_overlaps: [0]
  camera_model: pinhole
  distortion_coeffs: [6.9966580220299029e-02, -6.3690541556329504e-04, -9.7422416668829209e-03, 1.8463489564226659e-03]
  distortion_model: equidistant
  intrinsics: [4.5528926257454498e+02, 4.5509181628994600e+02, 6.1079053557169345e+02, 3.9057603139438464e+02]
  resolution: [1280, 800]
  # rostopic: /camera/image2
  rostopic: /camera/image_right
  timeshift_cam_imu:  2.2793408425171653e-03


