%YAML:1.0

imu0:
  T_i_b:
    - [1.0, 0.0, 0.0, 0.0]
    - [0.0, 1.0, 0.0, 0.0]
    - [0.0, 0.0, 1.0, 0.0]
    - [0.0, 0.0, 0.0, 1.0]
  # Values from allan plots
  # https://github.com/rpng/ar_table_dataset
  # Inflated values (to account for unmodelled effects)
  #  - white noise multiplied by 5
  #  - bias random walk multiplied by 10

  model: calibrated
  rostopic: /imu0
  # rostopic: /camera/imu
#  rostopic_accel: /camera/imu_accel
#  rostopic_gyro: /camera/imu_gyro
  time_offset: 0.0
  update_rate: 200

#######################################################

  accelerometer_noise_density: 7.0515172046920914e-04
  accelerometer_random_walk: 7.5070570118600428e-04
  gyroscope_noise_density: 8.6388261041402375e-05
  gyroscope_random_walk: 5.0404868815457580e-05
  T_cam_imu:
    - [-9.9969113451609215e-01, -2.4019261831215204e-02, 6.3804883051006333e-03, -8.9524807968448042e-03]
    - [-2.4136173704015548e-02, 9.9952951316511296e-01, -1.8926104481428972e-02, -7.1262286019230696e-03]
    - [-5.9228953103685538e-03, -1.9074259435058180e-02, -9.9980052607414938e-01, 1.4096944438365471e-03]
    - [0, 0, 0, 1]
  timeshift_cam_imu: 3.2004879697323674e-03
