%YAML:1.0
cam0:
# imu to cam0
  T_cam_imu:
    - [9.9994004189200225e-01, 8.6385780072710337e-03, -6.7296055629606768e-03, 1.4340585350702831e-02]
    - [-8.5569668739567655e-03, 9.9989062498445425e-01, 1.2063017289036625e-02, -3.5737475534634677e-03]
    - [6.8330768281020136e-03, -1.2004709001466182e-02, 9.9990459346022176e-01, -1.5675150764776151e-02]
    - [0, 0, 0, 1]
  cam_overlaps: [1]
  camera_model: pinhole
  distortion_coeffs: [0.07010176032781601, -0.0080150468274950981, -0.0038826644886285067, -5.5044542932591867e-06]
  distortion_model: equidistant
  intrinsics: [458.0013427734375, 457.79721069335938, 619.4820556640625, 338.10067749023438]
  resolution: [1280, 800]
  # rostopic: /camera/image
  # rostopic: /camera/image_left
  rostopic: /camera/image_sync_ir
  # timeshift transform cam0 to imu0: [s] (t_imu = t_cam + shift)
  # timeshift_cam_imu: 0.058777453820573332
  timeshift_cam_imu: 5.5594233281882465e-03
cam1:
# imu to cam1
  T_cam_imu:
    - [0.99997, 0.00762321, 0.00154222, -0.0867948]
    - [-0.0076352, 0.999939, 0.00792741, -0.00244524]
    - [-0.00148169, -0.00793895, 0.999967, -0.015668]
    - [0.0, 0.0, 0.0, 1.0]
# cam1 to cam0
  T_cn_cnm1:
    - [0.999965, 0.00094996, -0.00827957, 0.101005]
    - [-0.000915729, 0.999991, 0.00413722, -0.00114319]
    - [0.00828342, -0.0041295, 0.999957, 0.000701009]
    - [0.0, 0.0, 0.0, 1.0]
  cam_overlaps: [0]
  camera_model: pinhole
  distortion_coeffs: [0.069671250879764557, -0.0050961021333932877, -0.006064233835786581, 0.00054972956422716379]
  distortion_model: equidistant
  intrinsics: [455.18408203125, 454.80368041992188, 635.320556640625, 380.00616455078125]
  resolution: [1280, 800]
  # rostopic: /camera/image2
  rostopic: /camera/image_right
  timeshift_cam_imu: 5.5594233281882465e-03


