%YAML:1.0


cam0:
  T_cam_imu:
    - [1, 0.007342326779113337, -0.003899927610975742, -0.027534314618518095]
    - [-0.0073452195116216765, 0.9999727585590525, -0.0007279355223411334, -0.0030587146933711722]
    - [0.0038944766308488753, 0.0007565561891287445, 0.9999921303062861, -0.023605118842939803]
    - [0.0, 0.0, 0.0, 1.0]
  cam_overlaps: []
  camera_model: pinhole
  distortion_coeffs: [0.0, 0.0, 0.0, 0.0]
  distortion_model: radtan
  intrinsics: [428.3537922602939, 428.3201454661401, 422.67752703029004, 236.60599791251943]
  resolution: [848, 480]
  rostopic: /camera/infra1/image_rect_raw
  timeshift_cam_imu: 0.002524377913673846

cam1:
  T_cam_imu:
    - [0.9999654398038452, 0.007342326779113337, -0.003899927610975742, -0.027534314618518095]
    - [-0.0073452195116216765, 0.9999727585590525, -0.0007279355223411334, -0.0030587146933711722]
    - [0.0038944766308488753, 0.0007565561891287445, 0.9999921303062861, -0.023605118842939803]
    - [0.0, 0.0, 0.0, 1.0]
  T_cn_cnm1:
    - [0.9999990823569973, -0.00044451149430390486, -0.0012797244591537737, -0.09523434445323715]
    - [0.0004412066799845757, 0.9999965704178216, -0.0025815672094267996, -0.0004369319578970591]
    - [0.001280867606531486, 0.0025810002174897996, 0.9999958488994084, -0.004377818916151]
    - [0.0, 0.0, 0.0, 1.0]

  cam_overlaps: []
  camera_model: pinhole
  distortion_coeffs: [0.0, 0.0, 0.0, 0.0]
  distortion_model: radtan
  intrinsics: [428.3537922602939, 428.3201454661401, 422.67752703029004, 236.60599791251943]
  resolution: [848, 480]
  rostopic: /camera/infra2/image_rect_raw
  timeshift_cam_imu: 0.002524377913673846


