%YAML:1.0

imu0:
  T_i_b:
    - [1.0, 0.0, 0.0, 0.0]
    - [0.0, 1.0, 0.0, 0.0]
    - [0.0, 0.0, 1.0, 0.0]
    - [0.0, 0.0, 0.0, 1.0]
  # Values from allan plots
  # https://github.com/rpng/ar_table_dataset
  # Inflated values (to account for unmodelled effects)
  #  - white noise multiplied by 5
  #  - bias random walk multiplied by 10

  model: calibrated
  # rostopic: /imu/data
  # rostopic: /camera/imu
  
  rostopic: /imu1

#  rostopic_accel: /camera/imu_accel
#  rostopic_gyro: /camera/imu_gyro
  time_offset: 0.0
  update_rate: 200

#######################################################

  accelerometer_noise_density: 1.4666080769629062e-03
  accelerometer_random_walk: 6.9943928570946634e-05
  gyroscope_noise_density: 1.3833492440194566e-04
  gyroscope_random_walk: 8.0206758364665950e-06
  T_cam_imu:
    - [-1.0295467659680702e-02, -9.9957615761178908e-01, 2.7230653310565012e-02, 5.5342294400346090e-02]
    - [5.3445676282347310e-02, -2.7743244551380553e-02, -9.9818528944704688e-01, -5.6897484251332746e-03]
    - [9.9851768288417952e-01, -8.8214236840777893e-03, 5.3708653416325580e-02, -1.0797548359830780e-02]
    - [0, 0, 0, 1]
  timeshift_cam_imu: 8.8878307438684610e-03