%YAML:1.0
cam0:
# imu to cam0
  # =================================================================
  # T_cam_imu:
  #   - [-9.9969113451609215e-01, -2.4019261831215204e-02, 6.3804883051006333e-03, -8.9524807968448042e-03]
  #   - [-2.4136173704015548e-02, 9.9952951316511296e-01, -1.8926104481428972e-02, -7.1262286019230696e-03]
  #   - [-5.9228953103685538e-03, -1.9074259435058180e-02, -9.9980052607414938e-01, 1.4096944438365471e-03]
  #   - [0, 0, 0, 1]
  # timeshift_cam_imu: 3.2004879697323674e-03
  T_cam_imu:
    - [-9.9903654037223144e-01, -4.3876769977994383e-02, -9.0557019636171364e-04, 1.1722312812024486e-03]
    - [-4.3743951805060473e-02, 9.9724783259726113e-01, -5.9860062316553712e-02, 3.5761864668978557e-04]
    - [3.5295441007182323e-03, -5.9762776344170272e-02, -9.9820636788295292e-01, -5.4287220305360465e-04]
    - [0, 0, 0, 1]
  cam_overlaps: [1]
  camera_model: pinhole
  distortion_coeffs: [7.7589845015626518e-02, -8.6831337819036850e-03, -1.9341643687558517e-03, -8.1580503259313084e-04]
  # =================================================================
  # [ 7.5983617928854399e-02, -7.1111790045048553e-03, -2.6272220631305674e-03, -4.4027028038110601e-04 ]
  
  distortion_model: equidistant
  intrinsics: [4.5125323715597290e+02, 4.5142379459174293e+02, 6.9133520290193417e+02, 4.1851883816183272e+02]
  # =================================================================
  # [4.5391297524191612e+02, 4.5376167017808120e+02, 5.9085459692873224e+02, 4.7194212949841472e+02]

  resolution: [1280, 800]
  # rostopic: /camera/image
  # rostopic: /camera/image_left
  rostopic: /camera/image_sync_ir
  # timeshift transform cam0 to imu0: [s] (t_imu = t_cam + shift)
  # timeshift_cam_imu: 0.058777453820573332
  timeshift_cam_imu: 6.2915200217423207e-03
cam1:
# # imu to cam1
#   T_cam_imu:
#     - [-0.999559, -0.02954, -0.00289187, -0.0993451]
#     - [-0.0294532, 0.999215, -0.02651, -0.00179578]
#     - [0.0036727, -0.0264131, -0.999644, -0.000511116]
#     - [0.0, 0.0, 0.0, 1.0]
# cam1 to cam0
  T_cn_cnm1:
    - [0.999895, -0.0143935, -0.00160499, 0.10048]
    - [0.014439, 0.99934, 0.0333377, 0.0036037]
    - [0.00112409, -0.0333573, 0.999443, 1.97293e-05]
    - [0.0, 0.0, 0.0, 1.0]
    # =================================================================
    # [ 9.9933586651480200e-01, 3.6148270727743556e-02, 4.5965661643950339e-03, 
    #  -3.6114488914649523e-02, 9.9932149469057474e-01, -7.2314548902229284e-03,
    #  -4.8548519589746032e-03, 7.0606496010941402e-03, 9.9996328814595337e-01 ]
    # [ -1.0000144747198920e-01, 1.6160556924681281e-03, 5.6754308793428062e-04 ]
  cam_overlaps: [0]
  camera_model: pinhole
  distortion_coeffs: [7.6271555932301421e-02, -7.3682431988542673e-03,-2.8660973584556013e-03, -5.7079302183350158e-04]
  # =================================================================
  # [ 7.8192811751920777e-02, -1.0517323484083359e-02, -9.7672374062387655e-04, -6.7624261998155619e-04 ]

  distortion_model: equidistant
  intrinsics: [4.4932740225994905e+02, 4.4949798046643213e+02, 6.3292965491461450e+02, 4.3620151398486450e+02]
  # =================================================================
  # [4.5309652774917282e+02, 4.5286618589800923e+02, 5.8674787266289798e+02, 4.7820400594307324e+02]

  resolution: [1280, 800]
  # rostopic: /camera/image2
  rostopic: /camera/image_right
  timeshift_cam_imu:  6.2915200217423207e-03


