%YAML:1.0
cam0:
# imu to cam0
  T_cam_imu:
    - [-9.9904285200461129e-01, -4.1964059397255046e-02, 1.2344941368671468e-02, 5.4179459991413230e-03]
    - [-4.1786215222769998e-02, 9.9902383657710991e-01, 1.4327811001977202e-02, -2.6578843659947906e-03]
    - [-1.2934143800369264e-02, 1.3798248789454570e-02, -9.9982114213217943e-01, -2.5280182983797852e-03]
    - [0, 0, 0, 1]
  
  cam_overlaps: [1]
  camera_model: pinhole
  distortion_coeffs: [7.7589845015626518e-02, -8.6831337819036850e-03, -1.9341643687558517e-03, -8.1580503259313084e-04]
  distortion_model: equidistant
  intrinsics: [4.5125323715597290e+02, 4.5142379459174293e+02, 6.9133520290193417e+02, 4.1851883816183272e+02]
  resolution: [1280, 800]
  # rostopic: /camera/image
  # rostopic: /camera/image_left
  rostopic: /camera/image_sync_ir
  # timeshift transform cam0 to imu0: [s] (t_imu = t_cam + shift)
  # ==================================================
  timeshift_cam_imu: 2.3946805235879809e-03
cam1:
# imu to cam1
  T_cam_imu:
    - [-0.999559, -0.02954, -0.00289187, -0.0993451]
    - [-0.0294532, 0.999215, -0.02651, -0.00179578]
    - [0.0036727, -0.0264131, -0.999644, -0.000511116]
    - [0.0, 0.0, 0.0, 1.0]
# cam1 to cam0
  T_cn_cnm1:
    - [0.999895, -0.0143935, -0.00160499, 0.10048]
    - [0.014439, 0.99934, 0.0333377, 0.0036037]
    - [0.00112409, -0.0333573, 0.999443, 1.97293e-05]
    - [0.0, 0.0, 0.0, 1.0]
  cam_overlaps: [0]
  camera_model: pinhole
  distortion_coeffs: [7.6271555932301421e-02, -7.3682431988542673e-03,-2.8660973584556013e-03, -5.7079302183350158e-04]
  distortion_model: equidistant
  intrinsics: [4.4932740225994905e+02, 4.4949798046643213e+02, 6.3292965491461450e+02, 4.3620151398486450e+02]
  resolution: [1280, 800]
  # rostopic: /camera/image2
  rostopic: /camera/image_right
  timeshift_cam_imu:  6.2915200217423207e-03


